-61.538461538462144
-65.38461538461611
-47.55244755244786
-64.66431095406413
-64.85623003194884
-57.79220779220862
-12.751677852349136
11.111111111109958
-16.666666666666995
-142.86622073578638
11.111111111110157
-3.225806451613635
19.133574007220147
-7.849829351536577
-19.191919191919876

-55.414012738854176
-74.60317460317461
34.387351778655436
-8.284023668639751
-31.147540983607275
40.845070422534064
-73.384030418251
-59.247648902822
-56.00000000000076
-63.21070234113782
-5.084745762712579
18.541033434649314
-12.547528517111056
-41.55844155844226
-37.06293706293728
20.588235294116387
-21.348314606742353
56.99658703071565
-62.711864406780336
-35.275080906149384
-25.795053003534218
52.091254752850396
-95.40547945205469
-116.66114649681523
-40.438871473354425
31.83279742765277
10.447761194028672
-98.31006711409391
-48.05194805194846
-49.83277591973322
50.79365079365356
-47.019867549669264
-62.68656716417985
-20.86330935251786
-25.423728813559567
-14.893617021276949
-28.12500000000023
-114.71155378486048
-109.53215547703175
-59.55882352941253
-21.146953405018323
-44.85294117647142
-20.265780730897042
-79.02097902097874
-69.20969899665411
-76.26112759643907
-26.829268292683626
-50.00000000000069
-78.97897897897872
-77.4489208633097
-68.75000000000041
-52.54237288135643
-111.75286624203812
-55.32646048110011
-63.69636963696426
-140.32876712328792
-122.04242424242462
-110.66315789473677
-18.03278688524636
-64.28571428571489
-62.711864406780286
-30.79584775086563
-78.0564263322882
-80.51948051948014
-73.77049180327874
-78.57142857142848
-57.70392749244813
-61.672473867596764
-67.97153024911066
-73.59735973597361
-158.23875432526
-65.29968454258726
-14.38356164383561
-55.1724137931041
-5.109489051095144
-54.385964912281274
-67.85714285714324
-62.38244514106637
-64.78873239436632
-42.95302013422865
5.7692307692299245
-66.25766871165642
-75.4601226993865
-18.644067796610916
-75.15527950310536
-73.50993377483447
-52.054794520548555
-83.05084745762665
-73.06397306397314
-79.66101694915224
-73.29376854599413
-10.03460207612535
-72.22222222222233
-64.70588235294187
-78.97897897897872
-72.4135888501747
-74.7292418772563
-29.577464788733128
-34.30656934306644
-69.28327645051249
-46.48829431438201
-78.46153846153828
-35.86005830903821
-58.04195804195869
-69.59459459459497
-49.61240310077588
-78.49462365591381
-13.494809688581924
12.49999999999909
-52.63157894736907
-43.82022471910209
-76.35135135135123
-44.44444444444484
-96.7245614035093
-64.285714285715
-45.686900958467085
-26.57342657342699
-132.6560553633222
-42.307692307692925
-50.98039215686369
