-82.63888888888846
-74.0740740740741
-70.00000000000026
-83.44370860927103
-44.07894736842171
-59.044368600683356
9.803921568628422
-29.078014184397468
-9.937888198758294
-30.921052631579645
36.84210526315707
-4.1095890410958145
-41.580756013746324
-69.1780821917811
-23.371647509579315
-78.2608695652172
-43.037974683545016
-67.85714285714327
42.36111111111026
-28.994082840237297
22.866894197950977
-35.897435897436125
-68.35443037974724
-84.79087452471404
-6.614785992218133
-34.02777777777788
-47.91666666666735
-32.142857142857494
-80.26315789473655
-40.55944055944105
-54.918032786886045
-60.26490066225213
-75.86206896551728
-55.17241379310417
-55.631399317406576
-29.10447761194072
-86.53198653198586
-23.344947735191635
-114.85944055944054
-105.74488188976402
-57.44680851063935
-74.02597402597416
-50.15576323987643
-120.29717314487627
-46.99646643109606
-61.68333333333367
-86.79230769230827
-75.26501766784449
-87.82173913043498
-106.55560165975092
-80.7714776632306
-63.93792048929685
-95.45617977528086
-83.38870431893638
-78.41726618705013
-86.7109634551488
6.707317073169998
-82.5174825174822
-89.4736842105253
-90.06622516556206
-85.29411764705826
-93.17406143344607
-80.69498069498056
-86.11111111111052
-96.45454545454581
-145.57223974763434
-11.111111111111432
-85.13011152416304
-49.1525423728821
-135.78596491228086
0.3717472118953896
100.0000000000013
-145.48690095846717
-84.02022471910155
-56.6666666666666
-90.42826747720372
-64.10000000000034
-21.56862745098094
-31.034482758621305
-66.55518394648887
2.040816326530223
-184.11151079136636
38.51351351351275
-63.51246006389815
82.15613382900085
-61.5384615384626
41.66666666666802
-58.33333333333389
-40.97222222222249
-20.12779552715702
-77.49196141479082
-32.65993265993292
18.518518518518057
-152.9523219814248
74.06143344710027
-78.70881226053714
-47.552447552448356
-72.44094488188988
-65.75342465753488
-20.41522491349512
