20.356862745098937
-41.95294117646888
-45.40229885057544
-44.262295081968034
-19.014084507042188
-10.256410256411053
-23.076923076922935
-12.408759124088284
-79.16045016077223
17.449664429529108
-29.032258064516764
36.36363636363638
-38.566552901024664
-28.301886792453526
-33.8521400778216
-55.172413793104106
-137.6530201342283
-173.55211267605637
-54.09836065573845
-74.84276729559744
-30.921052631579673
-28.81355932203408
-59.55882352941244
-60.992907801419015
-74.16974169741705
-79.47214076246307
-65.27777777777827
-0.35587188612177245
-74.1100323624596
-72.37569060773495
-67.63754045307479
-83.10810810810761
-53.40501792114771
-76.2711864406779
-40.397350993378176
-26.07003891050642
-83.44370860927114
-96.93573883161523
-30.909090909091553
-54.38596491228115
-42.74809160305365
4.417670682730488
-78.72340425531917
-60.65573770491899
-73.85620915032713
-76.97368421052644
-67.27272727272779
-53.06859205776265
-83.87096774193452
-67.16417910447706
-87.65432098765343
-70.90909090909147
-71.3375796178347
-66.21621621621614
-87.38170347003049
-60.00000000000103
-75.77854671280241
-93.67088607594832
-63.50364963503748
-59.25925925925979
-85.86572438162443
-82.4561403508769
-84.61538461538404
-92.18749999999903
-93.05555555555453
-77.77777777777784
-67.10526315789535
-59.10780669145085
-49.27536231884145
-86.71096345514889
-75.00000000000014
-56.37583892617544
-65.51724137931103
-36.61971830986005
-56.375838926175085

